{
    "entities": [
        {
            "children": [],
            "guid": "30e1738e6864f00ad93a16b1d798bb4c",
            "id": 3,
            "layer": 0,
            "light": {
                "color": {
                    "x": 1.0,
                    "y": 1.0,
                    "z": 1.0
                },
                "intensity": 1.0,
                "type": 0
            },
            "name": "Light",
            "parent": 4294967295,
            "tag": "",
            "transform": {
                "localMatrix": [
                    0.9952273964881897,
                    0.0,
                    -0.09758289903402328,
                    0.0,
                    -0.09585444629192352,
                    -0.18738090991973877,
                    -0.9775992631912231,
                    0.0,
                    -0.018285172060132027,
                    0.9822873473167419,
                    -0.18648661673069,
                    0.0,
                    0.0,
                    0.0,
                    0.0,
                    1.0
                ],
                "position": {
                    "x": 0.0,
                    "y": 0.0,
                    "z": 0.0
                },
                "rotation": {
                    "x": 259.20001220703125,
                    "y": 5.599999904632568,
                    "z": 0.0
                },
                "scale": {
                    "x": 1.0,
                    "y": 1.0,
                    "z": 1.0
                },
                "transformDirty": false,
                "worldMatrix": [
                    0.9952273964881897,
                    0.0,
                    -0.09758289903402328,
                    0.0,
                    -0.09585444629192352,
                    -0.18738090991973877,
                    -0.9775992631912231,
                    0.0,
                    -0.018285172060132027,
                    0.9822873473167419,
                    -0.18648661673069,
                    0.0,
                    0.0,
                    0.0,
                    0.0,
                    1.0
                ]
            }
        },
        {
            "asset": {
                "guid": "2aeed17152332c7ef9b65b68b9500f08",
                "path": "assets/X Bot.fbx",
                "type": "model"
            },
            "children": [
                {
                    "_modelNodePath": "SkeletonRoot",
                    "animator": {
                        "controllerPath": "C:\\Users\\rpmul\\projects\\claymore\\ClayProject\\assets\\animations\\BlendController.animctrl",
                        "loop": true,
                        "mode": "controller",
                        "playOnStart": true,
                        "playbackSpeed": 1.0,
                        "rootMotion": 0,
                        "singleClipPath": "assets/X Bot_mixamo.com.anim"
                    },
                    "guid": "11f77bc45c1c3f4cca17d88947932d42",
                    "layer": 0,
                    "name": "SkeletonRoot",
                    "scripts": [
                        {
                            "className": "MyTestScript"
                        }
                    ],
                    "tag": "",
                    "transform": {
                        "localMatrix": [
                            1.0,
                            0.0,
                            0.0,
                            0.0,
                            0.0,
                            1.0,
                            0.0,
                            0.0,
                            0.0,
                            0.0,
                            1.0,
                            0.0,
                            0.0,
                            0.0,
                            0.0,
                            1.0
                        ],
                        "position": {
                            "x": 0.0,
                            "y": 0.0,
                            "z": 0.0
                        },
                        "rotation": {
                            "x": 0.0,
                            "y": 0.0,
                            "z": 0.0
                        },
                        "scale": {
                            "x": 1.0,
                            "y": 1.0,
                            "z": 1.0
                        },
                        "transformDirty": false,
                        "worldMatrix": [
                            1.0,
                            0.0,
                            0.0,
                            0.0,
                            0.0,
                            1.0,
                            0.0,
                            0.0,
                            0.0,
                            0.0,
                            1.0,
                            0.0,
                            10.291772842407227,
                            0.09121891856193542,
                            9.430009841918945,
                            1.0
                        ]
                    }
                },
                {
                    "_modelNodePath": "SkeletonRoot/mixamorig:Hips",
                    "guid": "79268950c33d1b0e62fe86201139462f",
                    "layer": 0,
                    "name": "mixamorig:Hips",
                    "tag": "",
                    "transform": {
                        "localMatrix": [
                            1.0,
                            5.01023123433697e-07,
                            -2.220446049250313e-16,
                            0.0,
                            -5.009811729905778e-07,
                            0.9999163746833801,
                            0.012916453182697296,
                            0.0,
                            6.471441604816164e-09,
                            -0.012916453182697296,
                            0.9999163746833801,
                            0.0,
                            -7.727297202109185e-08,
                            1.0427485704421997,
                            0.015543157234787941,
                            1.0
                        ],
                        "position": {
                            "x": -7.727297202109185e-08,
                            "y": 1.0427485704421997,
                            "z": 0.015543157234787941
                        },
                        "rotation": {
                            "x": 0.7400789856910706,
                            "y": 1.2722218874358041e-14,
                            "z": 2.8706510420306586e-05
                        },
                        "scale": {
                            "x": 1.0,
                            "y": 0.9999998211860657,
                            "z": 0.9999998211860657
                        },
                        "transformDirty": false,
                        "worldMatrix": [
                            1.0,
                            5.01023123433697e-07,
                            -2.220446049250313e-16,
                            0.0,
                            -5.009811729905778e-07,
                            0.9999163746833801,
                            0.012916453182697296,
                            0.0,
                            6.471441604816164e-09,
                            -0.012916453182697296,
                            0.9999163746833801,
                            0.0,
                            10.291772842407227,
                            1.1339675188064575,
                            9.445552825927734,
                            1.0
                        ]
                    }
                },
                {
                    "_modelNodePath": "SkeletonRoot/mixamorig:Hips/mixamorig:Spine",
                    "guid": "3d9b959e70c0493edcc7679c5a28e6af",
                    "layer": 0,
                    "name": "mixamorig:Spine",
                    "tag": "",
                    "transform": {
                        "localMatrix": [
                            1.0,
                            -4.945397904521087e-07,
                            3.976816032036368e-08,
                            0.0,
                            4.945398472955276e-07,
                            0.987150251865387,
                            -0.15979567170143127,
                            0.0,
                            3.9768163873077356e-08,
                            0.15979567170143127,
                            0.987150251865387,
                            0.0,
                            -4.177991286269389e-12,
                            0.10182452201843262,
                            1.1641532182693481e-09,
                            1.0
                        ],
                        "position": {
                            "x": -4.177991286269389e-12,
                            "y": 0.10182452201843262,
                            "z": 1.1641532182693481e-09
                        },
                        "rotation": {
                            "x": -9.195035934448242,
                            "y": -2.278547754031024e-06,
                            "z": -2.8335043680272065e-05
                        },
                        "scale": {
                            "x": 1.0,
                            "y": 1.0000001192092896,
                            "z": 1.0000001192092896
                        },
                        "transformDirty": false,
                        "worldMatrix": [
                            1.0,
                            6.011051212340135e-09,
                            3.337713394557795e-08,
                            0.0,
                            -1.03797370698544e-09,
                            0.9891316890716553,
                            -0.14703182876110077,
                            0.0,
                            -3.389817848642451e-08,
                            0.14703182876110077,
                            0.9891316890716553,
                            0.0,
                            10.291772842407227,
                            1.235783576965332,
                            9.446867942810059,
                            1.0
                        ]
                    }
                },
                {
                    "_modelNodePath": "SkeletonRoot/mixamorig:Hips/mixamorig:Spine/mixamorig:Spine1",
                    "guid": "222f9bcf2d89f434de2614194246e70e",
                    "layer": 0,
                    "name": "mixamorig:Spine1",
                    "tag": "",
                    "transform": {
                        "localMatrix": [
                            1.0,
                            0.0,
                            0.0,
                            0.0,
                            0.0,
                            1.0,
                            0.0,
                            0.0,
                            0.0,
                            0.0,
                            1.0,
                            0.0,
                            0.0,
                            0.10002660751342773,
                            -1.4901161193847656e-08,
                            1.0
                        ],
                        "position": {
                            "x": 0.0,
                            "y": 0.10002660751342773,
                            "z": -1.4901161193847656e-08
                        },
                        "rotation": {
                            "x": 0.0,
                            "y": -0.0,
                            "z": 0.0
                        },
                        "scale": {
                            "x": 1.0,
                            "y": 1.0,
                            "z": 1.0
                        },
                        "transformDirty": false,
                        "worldMatrix": [
                            1.0,
                            6.011051212340135e-09,
                            3.337713394557795e-08,
                            0.0,
                            -1.03797370698544e-09,
                            0.9891316890716553,
                            -0.14703182876110077,
                            0.0,
                            -3.389817848642451e-08,
                            0.14703182876110077,
                            0.9891316890716553,
                            0.0,
                            10.291772842407227,
                            1.3347231149673462,
                            9.432160377502441,
                            1.0
                        ]
                    }
                },
                {
                    "_modelNodePath": "SkeletonRoot/mixamorig:Hips/mixamorig:Spine/mixamorig:Spine1/mixamorig:Spine2",
                    "guid": "30ba62f8c4a3a7649994cf86eff077d4",
                    "layer": 0,
                    "name": "mixamorig:Spine2",
                    "tag": "",
                    "transform": {
                        "localMatrix": [
                            1.0,
                            -7.405423474438066e-08,
                            -3.6637359812630166e-15,
                            0.0,
                            7.402964286029601e-08,
                            0.9996678829193115,
                            0.02576911635696888,
                            0.0,
                            -1.908308400189185e-09,
                            -0.02576911635696888,
                            0.9996678829193115,
                            0.0,
                            -1.4210854715202004e-14,
                            0.09322094917297363,
                            2.9802322387695313e-08,
                            1.0
                        ],
                        "position": {
                            "x": -1.4210854715202004e-14,
                            "y": 0.09322094917297363,
                            "z": 2.9802322387695313e-08
                        },
                        "rotation": {
                            "x": 1.4766252040863037,
                            "y": 2.099166110033912e-13,
                            "z": -4.242995146341855e-06
                        },
                        "scale": {
                            "x": 1.0,
                            "y": 0.9999999403953552,
                            "z": 0.9999999403953552
                        },
                        "transformDirty": false,
                        "worldMatrix": [
                            1.0,
                            -6.723833934074719e-08,
                            4.426545885394262e-08,
                            0.0,
                            7.211848895849471e-08,
                            0.9925920963287354,
                            -0.12149395048618317,
                            0.0,
                            -3.5768479733633285e-08,
                            0.12149395048618317,
                            0.9925920963287354,
                            0.0,
                            10.291772842407227,
                            1.4269309043884277,
                            9.41845417022705,
                            1.0
                        ]
                    }
                },
                {
                    "_modelNodePath": "SkeletonRoot/mixamorig:Hips/mixamorig:Spine/mixamorig:Spine1/mixamorig:Spine2/mixamorig:Neck",
                    "guid": "33f3be3730029df2fad12afe2d3fa923",
                    "layer": 0,
                    "name": "mixamorig:Neck",
                    "tag": "",
                    "transform": {
                        "localMatrix": [
                            1.0,
                            -1.3322676295501878e-15,
                            -3.552713678800501e-15,
                            0.0,
                            1.3322676295501878e-15,
                            1.0,
                            1.5777218104420236e-29,
                            0.0,
                            3.552713678800501e-15,
                            -2.0510383535746307e-29,
                            1.0,
                            0.0,
                            4.163780431554187e-12,
                            0.16865324974060059,
                            1.4901161193847656e-08,
                            1.0
                        ],
                        "position": {
                            "x": 4.163780431554187e-12,
                            "y": 0.16865324974060059,
                            "z": 1.4901161193847656e-08
                        },
                        "rotation": {
                            "x": 9.03968056503701e-28,
                            "y": 2.0355550198972866e-13,
                            "z": -7.633331494021414e-14
                        },
                        "scale": {
                            "x": 1.0,
                            "y": 1.0,
                            "z": 1.0
                        },
                        "transformDirty": false,
                        "worldMatrix": [
                            1.0,
                            -6.723833934074719e-08,
                            4.426545530122894e-08,
                            0.0,
                            7.211848895849471e-08,
                            0.9925920963287354,
                            -0.12149395048618317,
                            0.0,
                            -3.5768476180919606e-08,
                            0.12149395048618317,
                            0.9925920963287354,
                            0.0,
                            10.291772842407227,
                            1.5943348407745361,
                            9.397963523864746,
                            1.0
                        ]
                    }
                },
                {
                    "_modelNodePath": "SkeletonRoot/mixamorig:Hips/mixamorig:Spine/mixamorig:Spine1/mixamorig:Spine2/mixamorig:Neck/mixamorig:Head",
                    "guid": "0d5c5fd06e4c539abf3013b5c9e1ced2",
                    "layer": 0,
                    "name": "mixamorig:Head",
                    "tag": "",
                    "transform": {
                        "localMatrix": [
                            1.0,
                            -1.3322676295501878e-15,
                            -3.552713678800501e-15,
                            0.0,
                            1.3322676295501878e-15,
                            1.0,
                            1.5777218104420236e-29,
                            0.0,
                            3.552713678800501e-15,
                            -2.0510383535746307e-29,
                            1.0,
                            0.0,
                            -1.0756764368125005e-09,
                            0.09341919422149658,
                            0.02841039001941681,
                            1.0
                        ],
                        "position": {
                            "x": -1.0756764368125005e-09,
                            "y": 0.09341919422149658,
                            "z": 0.02841039001941681
                        },
                        "rotation": {
                            "x": 9.03968056503701e-28,
                            "y": 2.0355550198972866e-13,
                            "z": -7.633331494021414e-14
                        },
                        "scale": {
                            "x": 1.0,
                            "y": 1.0,
                            "z": 1.0
                        },
                        "transformDirty": false,
                        "worldMatrix": [
                            1.0,
                            -6.723833934074719e-08,
                            4.426545174851526e-08,
                            0.0,
                            7.211848895849471e-08,
                            0.9925920963287354,
                            -0.12149395048618317,
                            0.0,
                            -3.576847262820593e-08,
                            0.12149395048618317,
                            0.9925920963287354,
                            0.0,
                            10.291772842407227,
                            1.6905137300491333,
                            9.414813995361328,
                            1.0
                        ]
                    }
                },
                {
                    "_modelNodePath": "SkeletonRoot/mixamorig:Hips/mixamorig:Spine/mixamorig:Spine1/mixamorig:Spine2/mixamorig:Neck/mixamorig:Head/mixamorig:HeadTop_End",
                    "guid": "b7c931d222191b5479473165af322f57",
                    "layer": 0,
                    "name": "mixamorig:HeadTop_End",
                    "tag": "",
                    "transform": {
                        "localMatrix": [
                            1.0,
                            -1.3322676295501878e-15,
                            -3.552713678800501e-15,
                            0.0,
                            1.3322676295501878e-15,
                            1.0,
                            1.5777218104420236e-29,
                            0.0,
                            3.552713678800501e-15,
                            -2.0510383535746307e-29,
                            1.0,
                            0.0,
                            9.856961469267844e-09,
                            0.20962786674499512,
                            0.10122932493686676,
                            1.0
                        ],
                        "position": {
                            "x": 9.856961469267844e-09,
                            "y": 0.20962786674499512,
                            "z": 0.10122932493686676
                        },
                        "rotation": {
                            "x": 9.03968056503701e-28,
                            "y": 2.0355550198972866e-13,
                            "z": -7.633331494021414e-14
                        },
                        "scale": {
                            "x": 1.0,
                            "y": 1.0,
                            "z": 1.0
                        },
                        "transformDirty": false,
                        "worldMatrix": [
                            1.0,
                            -6.723833934074719e-08,
                            4.426544819580158e-08,
                            0.0,
                            7.211848895849471e-08,
                            0.9925920963287354,
                            -0.12149395048618317,
                            0.0,
                            -3.576846907549225e-08,
                            0.12149395048618317,
                            0.9925920963287354,
                            0.0,
                            10.291772842407227,
                            1.9108874797821045,
                            9.489825248718262,
                            1.0
                        ]
                    }
                },
                {
                    "_modelNodePath": "SkeletonRoot/mixamorig:Hips/mixamorig:Spine/mixamorig:Spine1/mixamorig:Spine2/mixamorig:RightShoulder",
                    "guid": "1409a823abaddf822fd2cc76879eb99f",
                    "layer": 0,
                    "name": "mixamorig:RightShoulder",
                    "tag": "",
                    "transform": {
                        "localMatrix": [
                            -0.20569536089897156,
                            -0.12900497019290924,
                            0.9700758457183838,
                            0.0,
                            -0.977364182472229,
                            -0.02304243855178356,
                            -0.21030500531196594,
                            0.0,
                            0.049483321607112885,
                            -0.9913760423660278,
                            -0.1213451400399208,
                            0.0,
                            -0.045699696987867355,
                            0.11195850372314453,
                            -0.008066311478614807,
                            1.0
                        ],
                        "position": {
                            "x": -0.045699696987867355,
                            "y": 0.11195850372314453,
                            "z": -0.008066311478614807
                        },
                        "rotation": {
                            "x": -119.98477172851563,
                            "y": -75.94804382324219,
                            "z": -147.90548706054688
                        },
                        "scale": {
                            "x": 0.9999998807907104,
                            "y": 0.9999998807907104,
                            "z": 0.9999998211860657
                        },
                        "transformDirty": false,
                        "worldMatrix": [
                            -0.20569540560245514,
                            -0.010190948843955994,
                            0.9785629510879517,
                            0.0,
                            -0.977364182472229,
                            -0.04842246323823929,
                            -0.2059476226568222,
                            0.0,
                            0.04948325455188751,
                            -0.9987747073173523,
                            -3.725290298461914e-08,
                            0.0,
                            10.246072769165039,
                            1.5370800495147705,
                            9.396844863891602,
                            1.0
                        ]
                    }
                },
                {
                    "_modelNodePath": "SkeletonRoot/mixamorig:Hips/mixamorig:Spine/mixamorig:Spine1/mixamorig:Spine2/mixamorig:RightShoulder/mixamorig:RightArm",
                    "guid": "235b0e5f001f901980328f4a43ef89bb",
                    "layer": 0,
                    "name": "mixamorig:RightArm",
                    "tag": "",
                    "transform": {
                        "localMatrix": [
                            0.978563129901886,
                            -0.20594781637191772,
                            4.190952029858863e-09,
                            0.0,
                            0.2056955248117447,
                            0.9773644208908081,
                            -0.04948333650827408,
                            0.0,
                            0.010190977714955807,
                            0.04842255637049675,
                            0.998775064945221,
                            0.0,
                            -2.2351741790771484e-08,
                            0.10838170349597931,
                            0.0,
                            1.0
                        ],
                        "position": {
                            "x": -2.2351741790771484e-08,
                            "y": 0.10838170349597931,
                            "z": 0.0
                        },
                        "rotation": {
                            "x": -2.836343765258789,
                            "y": -2.401238532456773e-07,
                            "z": -11.884987831115723
                        },
                        "scale": {
                            "x": 1.0000001192092896,
                            "y": 1.000000238418579,
                            "z": 1.0000001192092896
                        },
                        "transformDirty": false,
                        "worldMatrix": [
                            7.471318497209722e-08,
                            9.784021592906811e-09,
                            1.0000001192092896,
                            0.0,
                            -1.0000001192092896,
                            7.82310962677002e-08,
                            1.3595385439657548e-07,
                            0.0,
                            -6.705522537231445e-08,
                            -0.9999998807907104,
                            -3.348198163166671e-08,
                            0.0,
                            10.140144348144531,
                            1.531831979751587,
                            9.374524116516113,
                            1.0
                        ]
                    }
                },
                {
                    "_modelNodePath": "SkeletonRoot/mixamorig:Hips/mixamorig:Spine/mixamorig:Spine1/mixamorig:Spine2/mixamorig:RightShoulder/mixamorig:RightArm/mixamorig:RightForeArm",
                    "guid": "493cb3b421e6160b719680f4adee8852",
                    "layer": 0,
                    "name": "mixamorig:RightForeArm",
                    "tag": "",
                    "transform": {
                        "localMatrix": [
                            1.0,
                            0.0,
                            0.0,
                            0.0,
                            0.0,
                            1.0,
                            0.0,
                            0.0,
                            0.0,
                            0.0,
                            1.0,
                            0.0,
                            -8.195638656616211e-08,
                            0.27841517329216003,
                            0.0,
                            1.0
                        ],
                        "position": {
                            "x": -8.195638656616211e-08,
                            "y": 0.27841517329216003,
                            "z": 0.0
                        },
                        "rotation": {
                            "x": 0.0,
                            "y": -0.0,
                            "z": 0.0
                        },
                        "scale": {
                            "x": 1.0,
                            "y": 1.0,
                            "z": 1.0
                        },
                        "transformDirty": false,
                        "worldMatrix": [
                            7.471318497209722e-08,
                            9.784021592906811e-09,
                            1.0000001192092896,
                            0.0,
                            -1.0000001192092896,
                            7.82310962677002e-08,
                            1.3595385439657548e-07,
                            0.0,
                            -6.705522537231445e-08,
                            -0.9999998807907104,
                            -3.348198163166671e-08,
                            0.0,
                            9.86172866821289,
                            1.531831979751587,
                            9.374524116516113,
                            1.0
                        ]
                    }
                },
                {
                    "_modelNodePath": "SkeletonRoot/mixamorig:Hips/mixamorig:Spine/mixamorig:Spine1/mixamorig:Spine2/mixamorig:RightShoulder/mixamorig:RightArm/mixamorig:RightForeArm/mixamorig:RightHand",
                    "guid": "95716ade3d33508ea8fa005ea7102df4",
                    "layer": 0,
                    "name": "mixamorig:RightHand",
                    "tag": "",
                    "transform": {
                        "localMatrix": [
                            1.0,
                            0.0,
                            0.0,
                            0.0,
                            0.0,
                            1.0,
                            0.0,
                            0.0,
                            0.0,
                            0.0,
                            1.0,
                            0.0,
                            1.4156103134155273e-07,
                            0.2832883298397064,
                            0.0,
                            1.0
                        ],
                        "position": {
                            "x": 1.4156103134155273e-07,
                            "y": 0.2832883298397064,
                            "z": 0.0
                        },
                        "rotation": {
                            "x": 0.0,
                            "y": -0.0,
                            "z": 0.0
                        },
                        "scale": {
                            "x": 1.0,
                            "y": 1.0,
                            "z": 1.0
                        },
                        "transformDirty": false,
                        "worldMatrix": [
                            7.471318497209722e-08,
                            9.784021592906811e-09,
                            1.0000001192092896,
                            0.0,
                            -1.0000001192092896,
                            7.82310962677002e-08,
                            1.3595385439657548e-07,
                            0.0,
                            -6.705522537231445e-08,
                            -0.9999998807907104,
                            -3.348198163166671e-08,
                            0.0,
                            9.57844066619873,
                            1.531831979751587,
                            9.374524116516113,
                            1.0
                        ]
                    }
                },
                {
                    "_modelNodePath": "SkeletonRoot/mixamorig:Hips/mixamorig:Spine/mixamorig:Spine1/mixamorig:Spine2/mixamorig:RightShoulder/mixamorig:RightArm/mixamorig:RightForeArm/mixamorig:RightHand/mixamorig:RightHandThumb1",
                    "guid": "6ad4afef6baf5f65f30ed1d5aa4740b1",
                    "layer": 0,
                    "name": "mixamorig:RightHandThumb1",
                    "tag": "",
                    "transform": {
                        "localMatrix": [
                            0.8882467150688171,
                            -0.39693886041641235,
                            -0.23120847344398499,
                            0.0,
                            0.45936667919158936,
                            0.767534077167511,
                            0.4470720589160919,
                            0.0,
                            1.2665985593685036e-07,
                            -0.5033197402954102,
                            0.8641001582145691,
                            0.0,
                            0.02681838907301426,
                            0.02464848756790161,
                            0.015740156173706055,
                            1.0
                        ],
                        "position": {
                            "x": 0.02681838907301426,
                            "y": 0.02464848756790161,
                            "z": 0.015740156173706055
                        },
                        "rotation": {
                            "x": 27.356348037719727,
                            "y": 13.368229866027832,
                            "z": -24.078866958618164
                        },
                        "scale": {
                            "x": 1.0,
                            "y": 0.9999998807907104,
                            "z": 0.9999999403953552
                        },
                        "transformDirty": false,
                        "worldMatrix": [
                            0.3969390094280243,
                            0.2312084138393402,
                            0.8882467746734619,
                            0.0,
                            -0.7675341963768005,
                            -0.44707193970680237,
                            0.4593668282032013,
                            0.0,
                            0.5033197402954102,
                            -0.8641000986099243,
                            2.929982834132261e-08,
                            0.0,
                            9.553791999816895,
                            1.5160918235778809,
                            9.401342391967773,
                            1.0
                        ]
                    }
                },
                {
                    "_modelNodePath": "SkeletonRoot/mixamorig:Hips/mixamorig:Spine/mixamorig:Spine1/mixamorig:Spine2/mixamorig:RightShoulder/mixamorig:RightArm/mixamorig:RightForeArm/mixamorig:RightHand/mixamorig:RightHandThumb1/mixamorig:RightHandThumb2",
                    "guid": "bc2aba578cb548e508d72353c7fb21f8",
                    "layer": 0,
                    "name": "mixamorig:RightHandThumb2",
                    "tag": "",
                    "transform": {
                        "localMatrix": [
                            0.9998241066932678,
                            0.018604667857289314,
                            0.002297855680808425,
                            0.0,
                            -0.01859382539987564,
                            0.9998162388801575,
                            -0.004653152544051409,
                            0.0,
                            -0.002384004183113575,
                            0.004609608557075262,
                            0.9999864101409912,
                            0.0,
                            3.4924596548080444e-07,
                            0.041889771819114685,
                            2.384185791015625e-07,
                            1.0
                        ],
                        "position": {
                            "x": 3.4924596548080444e-07,
                            "y": 0.041889771819114685,
                            "z": 2.384185791015625e-07
                        },
                        "rotation": {
                            "x": -0.2666076719760895,
                            "y": -0.13165758550167084,
                            "z": 1.0660334825515747
                        },
                        "scale": {
                            "x": 0.9999998211860657,
                            "y": 0.9999999403953552,
                            "z": 0.9999998807907104
                        },
                        "transformDirty": false,
                        "worldMatrix": [
                            0.38374602794647217,
                            0.22086454927921295,
                            0.8966369032859802,
                            0.0,
                            -0.7771158218383789,
                            -0.4472680389881134,
                            0.4427665174007416,
                            0.0,
                            0.49882856011390686,
                            -0.8667004108428955,
                            -5.3355449836089974e-08,
                            0.0,
                            9.52164077758789,
                            1.4973639249801636,
                            9.420585632324219,
                            1.0
                        ]
                    }
                },
                {
                    "_modelNodePath": "SkeletonRoot/mixamorig:Hips/mixamorig:Spine/mixamorig:Spine1/mixamorig:Spine2/mixamorig:RightShoulder/mixamorig:RightArm/mixamorig:RightForeArm/mixamorig:RightHand/mixamorig:RightHandThumb1/mixamorig:RightHandThumb2/mixamorig:RightHandThumb3",
                    "guid": "bc3cb86a3f831a0c4cfd2e040dbf08de",
                    "layer": 0,
                    "name": "mixamorig:RightHandThumb3",
                    "tag": "",
                    "transform": {
