{
    "entities": [
        {
            "children": [
                "cf6412de1c8ea65bd4bd404720315a31"
            ],
            "components": {
                "transform": {
                    "localMatrix": [
                        2.0,
                        0.0,
                        0.0,
                        0.0,
                        0.0,
                        2.0,
                        0.0,
                        0.0,
                        0.0,
                        0.0,
                        2.0,
                        0.0,
                        48.2718620300293,
                        1.223477840423584,
                        9.430009841918945,
                        1.0
                    ],
                    "position": {
                        "x": 48.2718620300293,
                        "y": 1.223477840423584,
                        "z": 9.430009841918945
                    },
                    "rotation": {
                        "x": 0.0,
                        "y": -0.0,
                        "z": 0.0
                    },
                    "rotationQ": [
                        1.0,
                        0.0,
                        0.0,
                        0.0
                    ],
                    "scale": {
                        "x": 2.0,
                        "y": 2.0,
                        "z": 2.0
                    },
                    "transformDirty": false,
                    "useQuatRotation": true,
                    "worldMatrix": [
                        2.0,
                        0.0,
                        0.0,
                        0.0,
                        0.0,
                        2.0,
                        0.0,
                        0.0,
                        0.0,
                        0.0,
                        2.0,
                        0.0,
                        48.2718620300293,
                        1.223477840423584,
                        9.430009841918945,
                        1.0
                    ]
                }
            },
            "guid": "6d93fcf994f7c1f2cd936a4141f54470",
            "name": "Player"
        },
        {
            "children": [
                "508a9e0986f04096e1c378b8d4d9feac",
                "18ce88a3404329dd10ae361fa0abbc3f",
                "d4d6c40da8aec6e5a3a0b70334316c7b",
                "4f1cf5ff1f1defbb00cf86365b1a467a"
            ],
            "components": {
                "animator": {
                    "controllerPath": "C:\\Projects\\claymore\\ClayProject\\assets\\animations\\BlendController.animctrl",
                    "loop": true,
                    "mode": "controller",
                    "playOnStart": true,
                    "playbackSpeed": 1.0,
                    "rootMotion": 0,
                    "singleClipPath": "assets/X Bot_mixamo.com.anim"
                },
                "scripts": [
                    {
                        "className": "MyTestScript"
                    }
                ],
                "skeleton": {
                    "bindPoseGlobals": [
                        [
                            1.0,
                            5.01023123433697e-07,
                            0.0,
                            -0.0,
                            -5.009814572076721e-07,
                            0.9999164342880249,
                            0.01291645411401987,
                            0.0,
                            6.471444269351423e-09,
                            -0.01291645411401987,
                            0.9999164342880249,
                            -0.0,
                            -7.727297202109185e-08,
                            1.0427485704421997,
                            0.015543157234787941,
                            1.0
                        ],
                        [
                            1.0,
                            6.010997477545743e-09,
                            3.337713749829163e-08,
                            -0.0,
                            -1.0381677739701445e-09,
                            0.9891317486763,
                            -0.14703181385993958,
                            0.0,
                            -3.389819624999291e-08,
                            0.14703181385993958,
                            0.9891317486763,
                            -0.0,
                            -1.282892583276407e-07,
                            1.1445645093917847,
                            0.01685836911201477,
                            1.0
                        ],
                        [
                            1.0,
                            6.010997477545743e-09,
                            3.337713749829163e-08,
                            -0.0,
                            -1.0381677739701445e-09,
                            0.9891317486763,
                            -0.14703181385993958,
                            0.0,
                            -3.389819624999291e-08,
                            0.14703181385993958,
                            0.9891317486763,
                            -0.0,
                            -1.283930970430447e-07,
                            1.2435040473937988,
                            0.0021512508392333984,
                            1.0
                        ],
                        [
                            1.0,
                            -6.723839618416605e-08,
                            4.42654624066563e-08,
                            -0.0,
                            7.211829711195605e-08,
                            0.9925921559333801,
                            -0.12149394303560257,
                            0.0,
                            -3.5768493944488e-08,
                            0.12149394303560257,
                            0.9925921559333801,
                            -0.0,
                            -1.2848988717450993e-07,
                            1.3357118368148804,
                            -0.01155516505241394,
                            1.0
                        ],
                        [
                            1.0,
                            -6.723839618416605e-08,
                            4.42654624066563e-08,
                            -0.0,
                            7.211829711195605e-08,
                            0.9925921559333801,
                            -0.12149394303560257,
                            0.0,
                            -3.5768493944488e-08,
                            0.12149394303560257,
                            0.9925921559333801,
                            -0.0,
                            -1.1632275231931999e-07,
                            1.5031157732009888,
                            -0.03204551339149475,
                            1.0
                        ],
                        [
                            1.0,
                            -6.723839618416605e-08,
                            4.42654624066563e-08,
                            -0.0,
                            7.211829711195605e-08,
                            0.9925921559333801,
                            -0.12149394303560257,
                            0.0,
                            -3.5768493944488e-08,
                            0.12149394303560257,
                            0.9925921559333801,
                            -0.0,
                            -1.116774015486044e-07,
                            1.599294662475586,
                            -0.015195444226264954,
                            1.0
                        ],
                        [
                            1.0,
                            -6.723839618416605e-08,
                            4.42654624066563e-08,
                            -0.0,
                            7.211829711195605e-08,
                            0.9925921559333801,
                            -0.12149394303560257,
                            0.0,
                            -3.5768493944488e-08,
                            0.12149394303560257,
                            0.9925921559333801,
                            -0.0,
                            -9.032325465341273e-08,
                            1.8196684122085571,
                            0.059815481305122375,
                            1.0
                        ],
                        [
                            -0.20569533109664917,
                            -0.010190949775278568,
                            0.9785629510879517,
                            -0.0,
                            -0.9773641228675842,
                            -0.0484224297106266,
                            -0.20594768226146698,
                            0.0,
                            0.049483221024274826,
                            -0.9987748265266418,
                            -6.5192558018623e-09,
                            -0.0,
                            -0.045699819922447205,
                            1.4458609819412231,
                            -0.03316401317715645,
                            1.0
                        ],
                        [
                            1.1920928955078125e-07,
                            -1.4210854715202004e-14,
                            1.0,
                            -0.0,
                            -1.0,
                            1.1920928955078125e-07,
                            1.1920928955078125e-07,
                            0.0,
                            -1.1920928955078125e-07,
                            -1.0,
                            1.4210854715202004e-14,
                            -0.0,
                            -0.15162819623947144,
                            1.4406129121780396,
                            -0.05548499897122383,
                            1.0
                        ],
                        [
                            1.1920928955078125e-07,
                            -1.4210854715202004e-14,
                            1.0,
                            -0.0,
                            -1.0,
                            1.1920928955078125e-07,
                            1.1920928955078125e-07,
                            0.0,
                            -1.1920928955078125e-07,
                            -1.0,
                            1.4210854715202004e-14,
                            -0.0,
                            -0.43004336953163147,
                            1.4406129121780396,
                            -0.05548504739999771,
                            1.0
                        ],
                        [
                            1.1920928955078125e-07,
                            -1.4210854715202004e-14,
                            1.0,
                            -0.0,
                            -1.0,
                            1.1920928955078125e-07,
                            1.1920928955078125e-07,
                            0.0,
                            -1.1920928955078125e-07,
                            -1.0,
                            1.4210854715202004e-14,
                            -0.0,
                            -0.7133316993713379,
                            1.440613031387329,
                            -0.055484872311353683,
                            1.0
                        ],
                        [
                            0.3969389796257019,
                            0.2312084138393402,
                            0.8882466554641724,
                            -0.0,
                            -0.7675341367721558,
                            -0.44707193970680237,
                            0.4593667984008789,
                            0.0,
                            0.5033196806907654,
                            -0.8641002178192139,
                            8.940695295223122e-08,
                            -0.0,
                            -0.7379801869392395,
                            1.424872875213623,
                            -0.028666481375694275,
                            1.0
                        ],
                        [
                            0.3837459981441498,
                            0.22086453437805176,
                            0.8966367840766907,
                            -0.0,
                            -0.7771157622337341,
                            -0.4472680389881134,
                            0.442766398191452,
                            0.0,
                            0.49882861971855164,
                            -0.8667004704475403,
                            -5.960462345910855e-08,
                            -0.0,
                            -0.7701317071914673,
                            1.4061449766159058,
                            -0.009423411451280117,
                            1.0
                        ],
                        [
                            0.3737465441226959,
                            0.21327200531959534,
                            0.9026786088943481,
                            -0.0,
                            -0.7840131521224976,
                            -0.4473835527896881,
                            0.4303154945373535,
                            0.0,
                            0.49561774730682373,
                            -0.8685408234596252,
                            -4.470348358154297e-08,
                            -0.0,
                            -0.7966801524162292,
                            1.3908655643463135,
                            0.005702667403966188,
                            1.0
                        ],
                        [
                            0.5537739396095276,
                            0.048262856900691986,
                            0.8312671184539795,
                            -0.0,
                            -0.7332482933998108,
                            -0.44479453563690186,
                            0.5143000483512878,
                            0.0,
                            0.39456474781036377,
                            -0.8943312168121338,
                            -0.21092694997787476,
                            -0.0,
                            -0.8168683052062988,
                            1.3793452978134155,
                            0.016783183440566063,
                            1.0
                        ],
                        [
                            0.0003283917612861842,
                            -1.1959096468672215e-07,
                            0.9999998807907104,
                            -0.0,
                            -0.9999998807907104,
                            1.1622513511611032e-06,
                            0.0003283619589637965,
                            0.0,
                            -1.1325174682497163e-06,
                            -1.0,
                            -8.903509041147117e-08,
                            -0.0,
                            -0.8044148087501526,
                            1.4354339838027954,
                            -0.03288641571998596,
                            1.0
                        ],
                        [
                            -0.00018280744552612305,
                            2.2881962991050386e-10,
                            1.0,
                            -0.0,
                            -1.0,
                            1.2516975402832031e-06,
                            -0.00018286705017089844,
                            0.0,
                            -1.1921038094442338e-06,
                            -1.0,
                            5.9386650264059426e-08,
                            -0.0,
                            -0.8414148092269897,
                            1.435434341430664,
                            -0.03287443146109581,
                            1.0
                        ],
                        [
                            -7.033348083496094e-06,
                            9.2228447101661e-12,
                            1.0,
                            -0.0,
                            -1.0,
                            1.3113021850585938e-06,
                            -7.033348083496094e-06,
                            0.0,
                            -1.3113021850585938e-06,
                            -1.0,
                            -9.2228447101661e-12,
                            -0.0,
                            -0.8699145913124084,
                            1.4354344606399536,
                            -0.03287956491112709,
                            1.0
                        ],
                        [
                            -0.0001811660622479394,
                            0.0020053985062986612,
                            0.9999980330467224,
                            -0.0,
                            -1.0,
                            9.479251730226679e-07,
                            -0.00018120039021596313,
                            0.0,
                            -1.3169817520974902e-06,
                            -0.9999980926513672,
                            0.0020053682383149862,
                            -0.0,
                            -0.8976365327835083,
                            1.4354344606399536,
                            -0.032879788428545,
                            1.0
                        ],
                        [
                            0.0010034440783783793,
                            -1.2118294989704737e-07,
                            0.999999463558197,
                            -0.0,
                            -0.999999463558197,
                            1.9668325421662303e-06,
                            0.001003384473733604,
                            0.0,
                            -1.90740752259444e-06,
                            -1.0,
                            -5.769080857476183e-08,
                            -0.0,
                            -0.8086569905281067,
                            1.4406124353408813,
                            -0.055485088378190994,
                            1.0
                        ],
                        [
                            -0.000696241797413677,
                            1.369475088885963e-09,
                            0.9999997019767761,
                            -0.0,
                            -0.9999997019767761,
                            1.9669525954668643e-06,
                            -0.0006963014020584524,
                            0.0,
                            -1.9073895600740798e-06,
                            -1.0,
                            5.827653737355831e-08,
                            -0.0,
                            -0.8456568121910095,
                            1.4406129121780396,
                            -0.055448081344366074,
                            1.0
                        ],
                        [
                            -5.257129669189453e-05,
                            1.0653877779986942e-10,
                            1.0,
                            -0.0,
                            -1.0,
                            2.0265579223632813e-06,
                            -5.257129669189453e-05,
                            0.0,
                            -2.0265579223632813e-06,
                            -1.0,
                            -1.0653877779986942e-10,
                            -0.0,
                            -0.875156819820404,
                            1.440612554550171,
                            -0.05546849966049194,
                            1.0
                        ],
                        [
                            -0.0003853703383356333,
                            0.001857699011452496,
                            0.9999983310699463,
                            -0.0,
                            -1.0,
                            1.4896260154273477e-06,
                            -0.0003852879162877798,
                            0.0,
                            -2.265603598061716e-06,
                            -0.9999983906745911,
                            0.0018576380098238587,
                            -0.0,
                            -0.9046230912208557,
                            1.4406129121780396,
                            -0.05547000840306282,
                            1.0
                        ],
                        [
                            -0.000311881274683401,
                            -9.294786294800073e-12,
                            0.9999998807907104,
                            -0.0,
                            -0.9999998807907104,
                            -2.9802318834981634e-08,
                            -0.0003118514723610133,
                            0.0,
                            9.294786294800073e-12,
                            -1.0,
                            -2.9802318834981634e-08,
                            -0.0,
                            -0.8043674826622009,
                            1.4401819705963135,
                            -0.07413619011640549,
                            1.0
                        ],
                        [
                            0.00013121962547302246,
                            1.1731948745818954e-11,
                            1.0,
                            -0.0,
                            -1.0,
                            -8.940696716308594e-08,
                            0.00013118982315063477,
                            0.0,
                            1.1920928955078125e-07,
                            -1.0,
                            -1.5639045614079805e-11,
                            -0.0,
                            -0.838160514831543,
                            1.440182089805603,
                            -0.07414676994085312,
                            1.0
                        ],
                        [
                            0.00035673376987688243,
                            -1.1916674935719129e-07,
                            0.9999998807907104,
                            -0.0,
                            -0.9999998807907104,
                            -1.1925179421723442e-07,
                            0.00035667416523210704,
                            0.0,
                            1.1919864562059956e-07,
                            -1.0,
                            -2.984483771228952e-08,
                            -0.0,
                            -0.8670573234558105,
                            1.4401819705963135,
                            -0.07414304465055466,
                            1.0
                        ],
                        [
                            0.0019554500468075275,
                            0.00029230082873255014,
                            0.9999980926513672,
                            -0.0,
                            -0.9999982118606567,
                            4.821909556085302e-07,
                            0.0019555091857910156,
                            0.0,
                            9.462748096211726e-08,
                            -1.0,
                            0.00029224195168353617,
                            -0.0,
                            -0.893445611000061,
                            1.4401823282241821,
                            -0.07413358986377716,
                            1.0
                        ],
                        [
                            -0.0010407565860077739,
                            -9.584241844606822e-09,
                            0.9999994039535522,
                            -0.0,
                            -0.9999994039535522,
                            -9.208912160829641e-06,
                            -0.0010408161906525493,
                            0.0,
                            9.298380973632447e-06,
                            -1.0,
                            -4.99267613918164e-08,
                            -0.0,
                            -0.7940985560417175,
                            1.4357458353042603,
                            -0.0935475155711174,
                            1.0
                        ],
                        [
                            -0.00273343943990767,
                            2.1300134278590122e-07,
                            0.9999963045120239,
                            -0.0,
                            -0.9999963045120239,
                            -9.298943950852845e-06,
                            -0.002733350032940507,
                            0.0,
                            9.178837899526116e-06,
                            -1.000000238418579,
                            1.1449638748217694e-07,
                            -0.0,
                            -0.8300984501838684,
                            1.4357457160949707,
                            -0.0935852974653244,
                            1.0
                        ],
                        [
                            -0.0017397406045347452,
                            -1.6124824142593752e-08,
                            0.9999985694885254,
                            -0.0,
                            -0.9999985694885254,
                            -9.268508620152716e-06,
                            -0.0017397406045347452,
                            0.0,
                            9.29825910134241e-06,
                            -1.0,
                            4.597895397751017e-08,
                            -0.0,
                            -0.8510985970497131,
                            1.435745358467102,
                            -0.09364254772663116,
                            1.0
                        ],
                        [
                            -0.0016571482410654426,
                            0.003139008302241564,
                            0.9999935626983643,
                            -0.0,
                            -0.9999986290931702,
                            -9.016431249619927e-06,
                            -0.0016571079613640904,
                            0.0,
                            3.738932264241157e-06,
                            -0.9999949932098389,
                            0.0031389996875077486,
                            -0.0,
                            -0.8722561001777649,
                            1.435745358467102,
                            -0.0936792716383934,
                            1.0
                        ],
                        [
                            -0.20570659637451172,
                            0.01018768735229969,
                            -0.9785608053207397,
                            -0.0,
                            0.9773629307746887,
                            -0.04840422049164772,
                            -0.20595872402191162,
                            0.0,
                            -0.049464717507362366,
                            -0.9987760186195374,
                            9.31322907682386e-10,
                            0.0,
                            0.045704420655965805,
                            1.4458591938018799,
                            -0.03316373750567436,
                            1.0
                        ],
                        [
                            7.748603820800781e-07,
                            -8.775202786637237e-13,
                            -1.0,
                            -0.0,
                            1.0,
                            -1.1324882507324219e-06,
                            7.152557941481064e-07,
                            0.0,
                            -1.1920928955078125e-06,
                            -1.0,
                            5.960379212410771e-08,
                            0.0,
                            0.1516280621290207,
                            1.4406131505966187,
                            -0.05548502877354622,
                            1.0
                        ],
                        [
                            7.748603820800781e-07,
                            -8.775202786637237e-13,
                            -1.0,
                            -0.0,
                            1.0,
                            -1.1324882507324219e-06,
                            7.152557941481064e-07,
                            0.0,
                            -1.1920928955078125e-06,
                            -1.0,
                            5.960379212410771e-08,
                            0.0,
                            0.4300432801246643,
                            1.44061279296875,
                            -0.0554848276078701,
                            1.0
                        ],
                        [
                            7.748603820800781e-07,
                            -8.775202786637237e-13,
                            -1.0,
                            -0.0,
                            1.0,
                            -1.1324882507324219e-06,
                            7.152557941481064e-07,
                            0.0,
                            -1.1920928955078125e-06,
                            -1.0,
                            5.960379212410771e-08,
                            0.0,
                            0.7133316397666931,
                            1.4406124353408813,
                            -0.05548468604683876,
                            1.0
                        ],
                        [
                            0.3956298828125,
                            -0.23016946017742157,
                            -0.8890999555587769,
                            -0.0,
                            0.7685048580169678,
                            -0.44710057973861694,
                            0.45771270990371704,
                            0.0,
                            -0.5028688907623291,
                            -0.8643625974655151,
                            5.960463056453591e-08,
                            0.0,
                            0.7379930019378662,
                            1.4248504638671875,
                            -0.028667239472270012,
                            1.0
                        ],
                        [
                            0.38398048281669617,
                            -0.2210187464952469,
                            -0.8964987397193909,
                            -0.0,
                            0.7769791483879089,
                            -0.447228342294693,
                            0.4430466592311859,
                            0.0,
                            -0.49886125326156616,
                            -0.8666818737983704,
                            -1.4901162970204496e-08,
                            0.0,
                            0.7701711058616638,
                            1.4061299562454224,
                            -0.009502247907221317,
                            1.0
                        ],
                        [
                            0.3752468526363373,
                            -0.2142934650182724,
                            -0.9018137454986572,
                            -0.0,
                            0.7831132411956787,
                            -0.44721508026123047,
                            0.43212488293647766,
                            0.0,
                            -0.4959062933921814,
                            -0.868375837802887,
                            4.4703469370688254e-08,
                            0.0,
                            0.796731173992157,
                            1.3908418416976929,
                            0.005642636679112911,
                            1.0
                        ],
                        [
                            0.5487627983093262,
                            -0.03370656073093414,
                            -0.8352984189987183,
                            -0.0,
                            0.7396977543830872,
                            -0.44595932960510254,
                            0.503951907157898,
                            0.0,
                            -0.3894956409931183,
                            -0.8944183588027954,
                            -0.21979311108589172,
                            0.0,
                            0.8169401288032532,
                            1.3793011903762817,
                            0.01679389923810959,
                            1.0
                        ],
                        [
                            -8.738040924072266e-05,
                            2.1874768663110444e-10,
                            -1.0,
                            -0.0,
                            1.0,
                            -2.5033950805664063e-06,
                            -8.738040924072266e-05,
                            0.0,
                            -2.5033950805664063e-06,
                            -1.0,
                            2.1874768663110444e-10,
                            0.0,
                            0.8044247031211853,
                            1.4354320764541626,
                            -0.03288586065173149,
                            1.0
                        ],
                        [
                            0.00012287497520446777,
                            -3.9182967981332695e-10,
                            -1.0,
                            -0.0,
                            1.0,
                            -3.1888484954833984e-06,
                            0.00012284517288208008,
                            0.0,
                            -3.2186508178710938e-06,
                            -1.0,
                            -3.9539571616842295e-10,
                            0.0,
                            0.8414247035980225,
                            1.435431957244873,
                            -0.03288906440138817,
                            1.0
                        ],
                        [
                            -9.59634780883789e-06,
                            1.19245328278339e-07,
                            -1.0,
                            -0.0,
                            1.0,
                            -3.755091483981232e-06,
                            -9.655952453613281e-06,
                            0.0,
                            -3.814697720372351e-06,
                            -1.0,
                            -5.956781023996882e-08,
                            0.0,
                            0.8699246644973755,
                            1.435431957244873,
                            -0.032885484397411346,
                            1.0
                        ],
                        [
                            -3.579555050237104e-05,
                            -0.0007550715235993266,
                            -0.9999997615814209,
                            -0.0,
                            1.0,
                            -3.901303898601327e-06,
                            -3.575985465431586e-05,
                            0.0,
                            -3.906878191628493e-06,
                            -0.9999997019767761,
                            0.000755101558752358,
                            0.0,
                            0.8976734280586243,
                            1.4354318380355835,
                            -0.03288577124476433,
                            1.0
                        ],
                        [
                            -6.240606307983398e-05,
                            1.1933204291381116e-07,
                            -1.0,
                            -0.0,
                            1.0,
                            -1.966945774256601e-06,
                            -6.246566772460938e-05,
                            0.0,
                            -2.0265615603420883e-06,
                            -1.0,
                            -5.9478054481587606e-08,
                            0.0,
                            0.8086656928062439,
                            1.4406129121780396,
                            -0.055483993142843246,
                            1.0
                        ],
                        [
                            -2.002716064453125e-05,
                            3.342393029015511e-11,
                            -1.0,
                            -0.0,
                            1.0,
                            -1.6689300537109375e-06,
                            -2.002716064453125e-05,
                            0.0,
                            -1.6689300537109375e-06,
                            -1.0,
                            3.342393029015511e-11,
                            0.0,
                            0.8456655144691467,
                            1.440612554550171,
                            -0.055486343801021576,
                            1.0
                        ],
                        [
                            2.130866050720215e-05,
                            -1.7146284392310918e-11,
                            -1.0,
                            -0.0,
                            1.0,
                            -8.046627044677734e-07,
                            2.1278858184814453e-05,
                            0.0,
                            -8.344650268554688e-07,
                            -1.0,
                            -1.7756462966644904e-11,
                            0.0,
                            0.8751656413078308,
                            1.4406126737594604,
                            -0.055487003177404404,
                            1.0
                        ],
                        [
                            7.736544648651034e-05,
                            -0.002048254245892167,
                            -0.9999979734420776,
                            -0.0,
                            1.0,
                            -6.461941097768431e-07,
                            7.736832048976794e-05,
                            0.0,
                            -7.545122571173124e-07,
                            -0.9999979734420776,
                            0.002048254245892167,
                            0.0,
                            0.9046940803527832,
                            1.4406126737594604,
                            -0.05548623576760292,
                            1.0
                        ],
                        [
                            1.3440847396850586e-05,
                            -3.324718278463479e-11,
                            -1.0,
                            -0.0,
                            1.0,
                            -2.473592758178711e-06,
                            1.341104507446289e-05,
                            0.0,
                            -2.5033950805664063e-06,
                            -1.0,
                            -3.3573144264664734e-11,
                            0.0,
                            0.8043769598007202,
                            1.440182089805603,
                            -0.07413528859615326,
                            1.0
                        ],
                        [
                            1.3440847396850586e-05,
                            -3.324718278463479e-11,
                            -1.0,
                            -0.0,
                            1.0,
