{
    "entities": [
        {
            "layer": 0,
            "name": "Player",
            "parent": 4294967295,
            "parentIndex": -1,
            "tag": "",
            "transform": {
                "localMatrix": [
                    1.0,
                    0.0,
                    0.0,
                    0.0,
                    0.0,
                    1.0,
                    0.0,
                    0.0,
                    0.0,
                    0.0,
                    1.0,
                    0.0,
                    10.291772842407227,
                    0.09121891856193542,
                    9.430009841918945,
                    1.0
                ],
                "position": {
                    "x": 10.291772842407227,
                    "y": 0.09121891856193542,
                    "z": 9.430009841918945
                },
                "rotation": {
                    "x": 0.0,
                    "y": -0.0,
                    "z": 0.0
                },
                "scale": {
                    "x": 1.0,
                    "y": 1.0,
                    "z": 1.0
                },
                "transformDirty": false,
                "worldMatrix": [
                    1.0,
                    0.0,
                    0.0,
                    0.0,
                    0.0,
                    1.0,
                    0.0,
                    0.0,
                    0.0,
                    0.0,
                    1.0,
                    0.0,
                    10.291772842407227,
                    0.09121891856193542,
                    9.430009841918945,
                    1.0
                ]
            }
        },
        {
            "animator": {
                "controllerPath": "C:\\Users\\rpmul\\projects\\claymore\\ClayProject\\assets\\animations\\BlendController.animctrl",
                "loop": true,
                "mode": "controller",
                "playOnStart": true,
                "playbackSpeed": 1.0,
                "rootMotion": 0,
                "singleClipPath": "assets/X Bot_mixamo.com.anim"
            },
            "layer": 0,
            "name": "SkeletonRoot",
            "parent": 1,
            "parentIndex": 0,
            "scripts": [
                {
                    "className": "MyTestScript"
                }
            ],
            "tag": "",
            "transform": {
                "localMatrix": [
                    1.0,
                    0.0,
                    0.0,
                    0.0,
                    0.0,
                    1.0,
                    0.0,
                    0.0,
                    0.0,
                    0.0,
                    1.0,
                    0.0,
                    0.0,
                    0.0,
                    0.0,
                    1.0
                ],
                "position": {
                    "x": 0.0,
                    "y": 0.0,
                    "z": 0.0
                },
                "rotation": {
                    "x": 0.0,
                    "y": 0.0,
                    "z": 0.0
                },
                "scale": {
                    "x": 1.0,
                    "y": 1.0,
                    "z": 1.0
                },
                "transformDirty": false,
                "worldMatrix": [
                    1.0,
                    0.0,
                    0.0,
                    0.0,
                    0.0,
                    1.0,
                    0.0,
                    0.0,
                    0.0,
                    0.0,
                    1.0,
                    0.0,
                    10.291772842407227,
                    0.09121891856193542,
                    9.430009841918945,
                    1.0
                ]
            }
        },
        {
            "layer": 0,
            "name": "mixamorig:Hips",
            "parent": 2,
            "parentIndex": 1,
            "tag": "",
            "transform": {
                "localMatrix": [
                    1.0,
                    5.009812866774155e-07,
                    6.471442048905374e-09,
                    0.0,
                    -5.010230097468593e-07,
                    0.9999163746833801,
                    0.012916453182697296,
                    0.0,
                    2.2202603637464072e-16,
                    -0.012916453182697296,
                    0.9999163746833801,
                    0.0,
                    -7.727297202109185e-08,
                    1.0427485704421997,
                    0.015543157234787941,
                    1.0
                ],
                "position": {
                    "x": -7.727297202109185e-08,
                    "y": 1.0427485704421997,
                    "z": 0.015543157234787941
                },
                "rotation": {
                    "x": 0.7400789856910706,
                    "y": 1.2722218874358041e-14,
                    "z": 2.8706510420306586e-05
                },
                "scale": {
                    "x": 1.0,
                    "y": 0.9999998211860657,
                    "z": 0.9999998211860657
                },
                "transformDirty": false,
                "worldMatrix": [
                    1.0,
                    5.009812866774155e-07,
                    6.471442048905374e-09,
                    0.0,
                    -5.010230097468593e-07,
                    0.9999163746833801,
                    0.012916453182697296,
                    0.0,
                    2.2202603637464072e-16,
                    -0.012916453182697296,
                    0.9999163746833801,
                    0.0,
                    10.291772842407227,
                    1.1339675188064575,
                    9.445552825927734,
                    1.0
                ]
            }
        },
        {
            "layer": 0,
            "name": "mixamorig:Spine",
            "parent": 3,
            "parentIndex": 2,
            "tag": "",
            "transform": {
                "localMatrix": [
                    1.0,
                    -4.881850372839835e-07,
                    1.1879347283638708e-07,
                    0.0,
                    5.008946004636528e-07,
                    0.987150251865387,
                    -0.15979567170143127,
                    0.0,
                    -3.925714864294605e-08,
                    0.15979567170143127,
                    0.987150251865387,
                    0.0,
                    -4.177991286269389e-12,
                    0.10182452201843262,
                    1.1641532182693481e-09,
                    1.0
                ],
                "position": {
                    "x": -4.177991286269389e-12,
                    "y": 0.10182452201843262,
                    "z": 1.1641532182693481e-09
                },
                "rotation": {
                    "x": -9.195035934448242,
                    "y": -2.278547754031024e-06,
                    "z": -2.8335043680272065e-05
                },
                "scale": {
                    "x": 1.0,
                    "y": 1.0000001192092896,
                    "z": 1.0000001192092896
                },
                "transformDirty": false,
                "worldMatrix": [
                    1.0,
                    1.130267257565265e-08,
                    1.1894935880718549e-07,
                    0.0,
                    6.30961949354969e-09,
                    0.9891316890716553,
                    -0.14703182876110077,
                    0.0,
                    -1.1931845733670343e-07,
                    0.14703182876110077,
                    0.9891316890716553,
                    0.0,
                    10.291772842407227,
                    1.235783576965332,
                    9.446867942810059,
                    1.0
                ]
            }
        },
        {
            "layer": 0,
            "name": "mixamorig:Spine1",
            "parent": 4,
            "parentIndex": 3,
            "tag": "",
            "transform": {
                "localMatrix": [
                    1.0,
                    0.0,
                    0.0,
                    0.0,
                    0.0,
                    1.0,
                    0.0,
                    0.0,
                    0.0,
                    0.0,
                    1.0,
                    0.0,
                    0.0,
                    0.10002660751342773,
                    -1.4901161193847656e-08,
                    1.0
                ],
                "position": {
                    "x": 0.0,
                    "y": 0.10002660751342773,
                    "z": -1.4901161193847656e-08
                },
                "rotation": {
                    "x": 0.0,
                    "y": -0.0,
                    "z": 0.0
                },
                "scale": {
                    "x": 1.0,
                    "y": 1.0,
                    "z": 1.0
                },
                "transformDirty": false,
                "worldMatrix": [
                    1.0,
                    1.130267257565265e-08,
                    1.1894935880718549e-07,
                    0.0,
                    6.30961949354969e-09,
                    0.9891316890716553,
                    -0.14703182876110077,
                    0.0,
                    -1.1931845733670343e-07,
                    0.14703182876110077,
                    0.9891316890716553,
                    0.0,
                    10.291772842407227,
                    1.3347231149673462,
                    9.432160377502441,
                    1.0
                ]
            }
        },
        {
            "layer": 0,
            "name": "mixamorig:Spine2",
            "parent": 5,
            "parentIndex": 4,
            "tag": "",
            "transform": {
                "localMatrix": [
                    1.0,
                    -7.402964286029601e-08,
                    -1.908316171750357e-09,
                    0.0,
                    7.405422763895331e-08,
                    0.9996678829193115,
                    0.02576911635696888,
                    0.0,
                    3.662518794917812e-15,
                    -0.02576911635696888,
                    0.9996678829193115,
                    0.0,
                    -1.4210854715202004e-14,
                    0.09322094917297363,
                    2.9802322387695313e-08,
                    1.0
                ],
                "position": {
                    "x": -1.4210854715202004e-14,
                    "y": 0.09322094917297363,
                    "z": 2.9802322387695313e-08
                },
                "rotation": {
                    "x": 1.4766252040863037,
                    "y": 2.099166110033912e-13,
                    "z": -4.242995146341855e-06
                },
                "scale": {
                    "x": 1.0,
                    "y": 0.9999999403953552,
                    "z": 0.9999999403953552
                },
                "transformDirty": false,
                "worldMatrix": [
                    1.0,
                    -6.220297876780023e-08,
                    1.2794650672276475e-07,
                    0.0,
                    7.728701945097782e-08,
                    0.9925920963287354,
                    -0.12149395048618317,
                    0.0,
                    -1.1944140965169936e-07,
                    0.12149395048618317,
                    0.9925920963287354,
                    0.0,
                    10.291772842407227,
                    1.4269309043884277,
                    9.41845417022705,
                    1.0
                ]
            }
        },
        {
            "layer": 0,
            "name": "mixamorig:Neck",
            "parent": 6,
            "parentIndex": 5,
            "tag": "",
            "transform": {
                "localMatrix": [
                    1.0,
                    -1.3322676295501878e-15,
                    -3.552713678800501e-15,
                    0.0,
                    1.3322676295501878e-15,
                    1.0,
                    1.1044052673094165e-29,
                    0.0,
                    3.552713678800501e-15,
                    -1.5777218104420236e-29,
                    1.0,
                    0.0,
                    4.163780431554187e-12,
                    0.16865324974060059,
                    1.4901161193847656e-08,
                    1.0
                ],
                "position": {
                    "x": 4.163780431554187e-12,
                    "y": 0.16865324974060059,
                    "z": 1.4901161193847656e-08
                },
                "rotation": {
                    "x": 9.03968056503701e-28,
                    "y": 2.0355550198972866e-13,
                    "z": -7.633331494021414e-14
                },
                "scale": {
                    "x": 1.0,
                    "y": 1.0,
                    "z": 1.0
                },
                "transformDirty": false,
                "worldMatrix": [
                    1.0,
                    -6.220297876780023e-08,
                    1.2794650672276475e-07,
                    0.0,
                    7.728701945097782e-08,
                    0.9925920963287354,
                    -0.12149395048618317,
                    0.0,
                    -1.1944140965169936e-07,
                    0.12149395048618317,
                    0.9925920963287354,
                    0.0,
                    10.291772842407227,
                    1.5943348407745361,
                    9.397963523864746,
                    1.0
                ]
            }
        },
        {
            "layer": 0,
            "name": "mixamorig:Head",
            "parent": 7,
            "parentIndex": 6,
            "tag": "",
            "transform": {
                "localMatrix": [
                    1.0,
                    -1.3322676295501878e-15,
                    -3.552713678800501e-15,
                    0.0,
                    1.3322676295501878e-15,
                    1.0,
                    1.1044052673094165e-29,
                    0.0,
                    3.552713678800501e-15,
                    -1.5777218104420236e-29,
                    1.0,
                    0.0,
                    -1.0756764368125005e-09,
                    0.09341919422149658,
                    0.02841039001941681,
                    1.0
                ],
                "position": {
                    "x": -1.0756764368125005e-09,
                    "y": 0.09341919422149658,
                    "z": 0.02841039001941681
                },
                "rotation": {
                    "x": 9.03968056503701e-28,
                    "y": 2.0355550198972866e-13,
                    "z": -7.633331494021414e-14
                },
                "scale": {
                    "x": 1.0,
                    "y": 1.0,
                    "z": 1.0
                },
                "transformDirty": false,
                "worldMatrix": [
                    1.0,
                    -6.220297876780023e-08,
                    1.2794650672276475e-07,
                    0.0,
                    7.728701945097782e-08,
                    0.9925920963287354,
                    -0.12149395048618317,
                    0.0,
                    -1.1944140965169936e-07,
                    0.12149395048618317,
                    0.9925920963287354,
                    0.0,
                    10.291772842407227,
                    1.6905137300491333,
                    9.414813995361328,
                    1.0
                ]
            }
        },
        {
            "layer": 0,
            "name": "mixamorig:HeadTop_End",
            "parent": 8,
            "parentIndex": 7,
            "tag": "",
            "transform": {
                "localMatrix": [
                    1.0,
                    -1.3322676295501878e-15,
                    -3.552713678800501e-15,
                    0.0,
                    1.3322676295501878e-15,
                    1.0,
                    1.1044052673094165e-29,
                    0.0,
                    3.552713678800501e-15,
                    -1.5777218104420236e-29,
                    1.0,
                    0.0,
                    9.856961469267844e-09,
                    0.20962786674499512,
                    0.10122932493686676,
                    1.0
                ],
                "position": {
                    "x": 9.856961469267844e-09,
                    "y": 0.20962786674499512,
                    "z": 0.10122932493686676
                },
                "rotation": {
                    "x": 9.03968056503701e-28,
                    "y": 2.0355550198972866e-13,
                    "z": -7.633331494021414e-14
                },
                "scale": {
                    "x": 1.0,
                    "y": 1.0,
                    "z": 1.0
                },
                "transformDirty": false,
                "worldMatrix": [
                    1.0,
                    -6.220297876780023e-08,
                    1.2794650672276475e-07,
                    0.0,
                    7.728701945097782e-08,
                    0.9925920963287354,
                    -0.12149395048618317,
                    0.0,
                    -1.1944140965169936e-07,
                    0.12149395048618317,
                    0.9925920963287354,
                    0.0,
                    10.291772842407227,
                    1.9108874797821045,
                    9.489825248718262,
                    1.0
                ]
            }
        },
        {
            "layer": 0,
            "name": "mixamorig:RightShoulder",
            "parent": 6,
            "parentIndex": 5,
            "tag": "",
            "transform": {
                "localMatrix": [
                    -0.6521286368370056,
                    0.2655363380908966,
                    -0.7100834846496582,
                    0.0,
                    -0.5828230977058411,
                    0.42339134216308594,
                    0.6935825347900391,
                    0.0,
                    0.4848145842552185,
                    0.8661580681800842,
                    -0.1213449239730835,
                    0.0,
                    -0.045699696987867355,
                    0.11195850372314453,
                    -0.008066311478614807,
                    1.0
                ],
                "position": {
                    "x": -0.045699696987867355,
                    "y": 0.11195850372314453,
                    "z": -0.008066311478614807
                },
                "rotation": {
                    "x": -119.98477172851563,
                    "y": -75.94804382324219,
                    "z": -147.90548706054688
                },
                "scale": {
                    "x": 0.9999998807907104,
                    "y": 0.9999998807907104,
                    "z": 0.9999998211860657
                },
                "transformDirty": false,
                "worldMatrix": [
                    -0.6521285772323608,
                    0.17729845643043518,
                    -0.7370843887329102,
                    0.0,
                    -0.5828230977058411,
                    0.5045210123062134,
                    0.6370049715042114,
                    0.0,
                    0.4848146438598633,
                    0.8449988961219788,
                    -0.2256789207458496,
                    0.0,
                    10.246072769165039,
                    1.5370800495147705,
                    9.396844863891602,
                    1.0
                ]
            }
        },
        {
            "layer": 0,
            "name": "mixamorig:RightArm",
            "parent": 10,
            "parentIndex": 9,
            "tag": "",
            "transform": {
                "localMatrix": [
                    0.9785630702972412,
                    -0.20569553971290588,
                    0.010190986096858978,
                    0.0,
                    0.2059478461742401,
                    0.9773644208908081,
                    -0.04842255637049675,
                    0.0,
                    -4.1858183585929964e-09,
                    0.04948332905769348,
                    0.998775064945221,
                    0.0,
                    -2.2351741790771484e-08,
                    0.10838170349597931,
                    0.0,
                    1.0
                ],
                "position": {
                    "x": -2.2351741790771484e-08,
                    "y": 0.10838170349597931,
                    "z": 0.0
                },
                "rotation": {
                    "x": -2.836343765258789,
                    "y": -2.401238532456773e-07,
                    "z": -11.884987831115723
                },
                "scale": {
                    "x": 1.0000001192092896,
                    "y": 1.000000238418579,
                    "z": 1.0000001192092896
                },
                "transformDirty": false,
                "worldMatrix": [
                    -0.5133240818977356,
                    0.0783313736319542,
                    -0.8546125292778015,
                    0.0,
                    -0.7274109721183777,
                    0.4886980950832367,
                    0.48171302676200867,
                    0.0,
                    0.45538073778152466,
                    0.8689292073249817,
                    -0.1938813477754593,
                    0.0,
                    10.182905197143555,
                    1.5917608737945557,
                    9.4658842086792,
                    1.0
                ]
            }
        },
        {
            "layer": 0,
            "name": "mixamorig:RightForeArm",
            "parent": 11,
            "parentIndex": 10,
            "tag": "",
            "transform": {
                "localMatrix": [
                    1.0,
                    0.0,
                    0.0,
                    0.0,
                    0.0,
                    1.0,
                    0.0,
                    0.0,
                    0.0,
                    0.0,
                    1.0,
                    0.0,
                    -8.195638656616211e-08,
                    0.27841517329216003,
                    0.0,
                    1.0
                ],
                "position": {
                    "x": -8.195638656616211e-08,
                    "y": 0.27841517329216003,
                    "z": 0.0
                },
                "rotation": {
                    "x": 0.0,
                    "y": -0.0,
                    "z": 0.0
                },
                "scale": {
                    "x": 1.0,
                    "y": 1.0,
                    "z": 1.0
                },
                "transformDirty": false,
                "worldMatrix": [
                    -0.5133240818977356,
                    0.0783313736319542,
                    -0.8546125292778015,
                    0.0,
                    -0.7274109721183777,
                    0.4886980950832367,
                    0.48171302676200867,
                    0.0,
                    0.45538073778152466,
                    0.8689292073249817,
                    -0.1938813477754593,
                    0.0,
                    9.980382919311523,
                    1.7278218269348145,
                    9.600000381469727,
                    1.0
                ]
            }
        },
        {
            "layer": 0,
            "name": "mixamorig:RightHand",
            "parent": 12,
            "parentIndex": 11,
            "tag": "",
            "transform": {
                "localMatrix": [
                    1.0,
                    0.0,
                    0.0,
                    0.0,
                    0.0,
                    1.0,
                    0.0,
                    0.0,
                    0.0,
                    0.0,
                    1.0,
                    0.0,
                    1.4156103134155273e-07,
                    0.2832883298397064,
                    0.0,
                    1.0
                ],
                "position": {
                    "x": 1.4156103134155273e-07,
                    "y": 0.2832883298397064,
                    "z": 0.0
                },
                "rotation": {
                    "x": 0.0,
                    "y": -0.0,
                    "z": 0.0
                },
                "scale": {
                    "x": 1.0,
                    "y": 1.0,
                    "z": 1.0
                },
                "transformDirty": false,
                "worldMatrix": [
                    -0.5133240818977356,
                    0.0783313736319542,
                    -0.8546125292778015,
                    0.0,
                    -0.7274109721183777,
                    0.4886980950832367,
                    0.48171302676200867,
                    0.0,
                    0.45538073778152466,
                    0.8689292073249817,
                    -0.1938813477754593,
                    0.0,
                    9.77431583404541,
                    1.8662643432617188,
                    9.73646354675293,
                    1.0
                ]
            }
        },
        {
            "layer": 0,
            "name": "mixamorig:RightHandThumb1",
            "parent": 13,
            "parentIndex": 12,
            "tag": "",
            "transform": {
                "localMatrix": [
                    0.84489905834198,
                    -0.36236608028411865,
                    -0.3934924006462097,
                    0.0,
                    0.49393945932388306,
                    0.8108816742897034,
                    0.31383833289146423,
                    0.0,
                    0.20535144209861755,
                    -0.45952320098876953,
                    0.8641001582145691,
                    0.0,
                    0.02681838907301426,
                    0.02464848756790161,
                    0.015740156173706055,
                    1.0
                ],
                "position": {
                    "x": 0.02681838907301426,
                    "y": 0.02464848756790161,
                    "z": 0.015740156173706055
                },
                "rotation": {
                    "x": 27.356348037719727,
                    "y": 13.368229866027832,
                    "z": -24.078866958618164
                },
                "scale": {
                    "x": 1.0,
                    "y": 0.9999998807907104,
                    "z": 0.9999999403953552
                },
                "transformDirty": false,
                "worldMatrix": [
                    -0.3493068218231201,
                    -0.45282256603240967,
                    -0.8203269243240356,
                    0.0,
                    -0.70047926902771,
                    0.7076705694198608,
                    -0.09236198663711548,
                    0.0,
                    0.622344970703125,
                    0.5423592329025269,
                    -0.5643871426582336,
                    0.0,
                    9.749787330627441,
                    1.894087791442871,
                    9.722366333007813,
                    1.0
                ]
            }
        },
        {
            "layer": 0,
            "name": "mixamorig:RightHandThumb2",
            "parent": 14,
            "parentIndex": 13,
            "tag": "",
            "transform": {
                "localMatrix": [
                    0.9998242855072021,
                    0.018604516983032227,
                    0.0022108873818069696,
                    0.0,
                    -0.018593981862068176,
                    0.9998160004615784,
                    -0.004695097915828228,
                    0.0,
                    -0.0022978310007601976,
                    0.004653164651244879,
                    0.9999864101409912,
                    0.0,
                    3.4924596548080444e-07,
                    0.041889771819114685,
                    2.384185791015625e-07,
                    1.0
                ],
                "position": {
                    "x": 3.4924596548080444e-07,
                    "y": 0.041889771819114685,
                    "z": 2.384185791015625e-07
                },
                "rotation": {
                    "x": -0.2666076719760895,
                    "y": -0.13165758550167084,
                    "z": 1.0660334825515747
                },
                "scale": {
                    "x": 0.9999998211860657,
                    "y": 0.9999999403953552,
                    "z": 0.9999998807907104
                },
                "transformDirty": false,
                "worldMatrix": [
                    -0.3609015643596649,
                    -0.4383780360221863,
                    -0.8231489658355713,
                    0.0,
                    -0.6967774033546448,
                    0.713413655757904,
                    -0.07444199919700623,
                    0.0,
                    0.6198797225952148,
                    0.5466852784156799,
                    -0.5629242658615112,
                    0.0,
                    9.720444679260254,
                    1.9237319231033325,
                    9.718497276306152,
                    1.0
                ]
            }
        },
        {
            "layer": 0,
            "name": "mixamorig:RightHandThumb3",
            "parent": 15,
            "parentIndex": 14,
            "tag": "",
            "transform": {
                "localMatrix": [
                    0.99990314245224,
                    0.013841690495610237,
                    0.001546052866615355,
                    0.0,
                    -0.013836433179676533,
                    0.9998988509178162,
                    -0.003362212097272277,
                    0.0,
                    -0.0015924348263069987,
                    0.0033404938876628876,
                    0.9999933838844299,
                    0.0,
                    5.029141902923584e-08,
                    0.03416256606578827,
                    -4.76837158203125e-07,
                    1.0
                ],
                "position": {
                    "x": 5.029141902923584e-08,
                    "y": 0.03416256606578827,
                    "z": -4.76837158203125e-07
                },
                "rotation": {
                    "x": -0.19139651954174042,
                    "y": -0.09124033153057098,
                    "z": 0.793100118637085
                },
                "scale": {
                    "x": 1.0000001192092896,
                    "y": 1.000000238418579,
                    "z": 1.000000238418579
                },
                "transformDirty": false,
                "worldMatrix": [
                    -0.3695528209209442,
                    -0.42761552333831787,
                    -0.8249698877334595,
                    0.0,
                    -0.6937975287437439,
                    0.7175689935684204,
                    -0.06115235388278961,
                    0.0,
                    0.6181227564811707,
                    0.5497629046440125,
                    -0.5618584156036377,
                    0.0,
                    9.696640968322754,
                    1.948103666305542,
                    9.715954780578613,
                    1.0
                ]
            }
        },
        {
            "layer": 0,
            "name": "mixamorig:RightHandThumb4",
            "parent": 16,
            "parentIndex": 15,
            "tag": "",
            "transform": {
                "localMatrix": [
                    0.9681832790374756,
                    -0.10078661888837814,
                    0.22904738783836365,
                    0.0,
                    0.09260077774524689,
                    0.99462890625,
                    0.04623823240399361,
                    0.0,
                    -0.23247738182544708,
                    -0.02355712465941906,
                    0.9723162055015564,
                    0.0,
                    -6.146728992462158e-08,
                    0.025749826803803444,
                    0.0,
                    1.0
                ],
                "position": {
                    "x": -6.146728992462158e-08,
                    "y": 0.025749826803803444,
                    "z": 0.0
                },
                "rotation": {
                    "x": 1.349848985671997,
                    "y": -13.446775436401367,
                    "z": -5.786081314086914
                },
                "scale": {
                    "x": 0.9999998211860657,
                    "y": 0.9999997615814209,
                    "z": 0.9999997615814209
                },
                "transformDirty": false,
                "worldMatrix": [
                    -0.14628992974758148,
                    -0.36040979623794556,
                    -0.9212508797645569,
                    0.0,
                    -0.695711076259613,
                    0.6995373964309692,
                    -0.16319608688354492,
                    0.0,
                    0.7032673358917236,
                    0.6170504689216614,
                    -0.35307663679122925,
                    0.0,
                    9.678775787353516,
                    1.9665809869766235,
                    9.714380264282227,
                    1.0
                ]
            }
        },
        {
            "layer": 0,
            "name": "mixamorig:RightHandIndex1",
            "parent": 13,
            "parentIndex": 12,
            "tag": "",
            "transform": {
                "localMatrix": [
                    0.9999998807907104,
                    -0.0003282725519966334,
                    1.198941816937804e-07,
                    0.0,
                    0.0003282725519966334,
                    0.9999998807907104,
                    -1.0430027259644703e-06,
                    0.0,
                    -1.1955181378198176e-07,
                    1.0430421752971597e-06,
                    1.0,
                    0.0,
                    0.022598445415496826,
                    0.0910831093788147,
                    0.005179047584533691,
                    1.0
                ],
                "position": {
                    "x": 0.022598445415496826,
                    "y": 0.0910831093788147,
                    "z": 0.005179047584533691
                },
                "rotation": {
                    "x": -5.97619145992212e-05,
                    "y": -6.849814326415071e-06,
                    "z": -0.018808633089065552
                },
                "scale": {
                    "x": 0.9999999403953552,
                    "y": 0.9999999403953552,
                    "z": 1.0
                },
                "transformDirty": false,
                "worldMatrix": [
                    -0.5130851864814758,
                    0.07817104458808899,
                    -0.8547705411911011,
                    0.0,
                    -0.7275798916816711,
                    0.48872286081314087,
                    0.48143261671066284,
                    0.0,
                    0.45538005232810974,
                    0.8689296841621399,
                    -0.19388073682785034,
                    0.0,
                    9.698819160461426,
                    1.9170469045639038,
                    9.760022163391113,
                    1.0
                ]
            }
        },
        {
            "layer": 0,
            "name": "mixamorig:RightHandIndex2",
            "parent": 18,
            "parentIndex": 17,
            "tag": "",
            "transform": {
                "localMatrix": [
                    0.9999998807907104,
                    0.0005111992359161377,
                    -1.192713057207584e-07,
                    0.0,
                    -0.0005111992359161377,
                    0.9999998807907104,
                    -8.932421025065196e-08,
                    0.0,
                    1.1922563203370373e-07,
                    8.938516771195282e-08,
                    1.0,
                    0.0,
                    -1.6763806343078613e-07,
                    0.03700000047683716,
                    -3.5762786865234375e-07,
                    1.0
                ],
                "position": {
                    "x": -1.6763806343078613e-07,
                    "y": 0.03700000047683716,
                    "z": -3.5762786865234375e-07
                },
                "rotation": {
                    "x": -5.121392860019114e-06,
                    "y": 6.83112557453569e-06,
                    "z": 0.02928955852985382
                },
                "scale": {
                    "x": 1.0,
                    "y": 1.0,
                    "z": 1.0
                },
                "transformDirty": false,
                "worldMatrix": [
                    -0.5134571194648743,
                    0.07842076569795609,
                    -0.8545243144035339,
                    0.0,
                    -0.7273176312446594,
                    0.48868274688720703,
                    0.48186954855918884,
                    0.0,
                    0.4553799331188202,
                    0.8689297437667847,
                    -0.19388079643249512,
                    0.0,
                    9.67189884185791,
                    1.9351292848587036,
                    9.777835845947266,
                    1.0
                ]
            }
        },
        {
            "layer": 0,
            "name": "mixamorig:RightHandIndex3",
            "parent": 19,
            "parentIndex": 18,
            "tag": "",
            "transform": {
                "localMatrix": [
                    1.0,
                    -0.00017577409744262695,
                    1.005680434762457e-11,
                    0.0,
                    0.00017577409744262695,
                    1.0,
                    -5.9604641222676946e-08,
                    0.0,
                    4.201474237963687e-13,
                    5.9604641222676946e-08,
                    1.0,
                    0.0,
                    7.82310962677002e-08,
                    0.0284997820854187,
                    -1.1920928955078125e-07,
                    1.0
                ],
                "position": {
                    "x": 7.82310962677002e-08,
                    "y": 0.0284997820854187,
                    "z": -1.1920928955078125e-07
                },
                "rotation": {
                    "x": -3.415094397496432e-06,
                    "y": 2.4072674409403305e-11,
                    "z": -0.01007111370563507
                },
                "scale": {
                    "x": 1.0,
                    "y": 1.0,
                    "z": 1.0
                },
                "transformDirty": false,
                "worldMatrix": [
                    -0.513329267501831,
                    0.07833486795425415,
                    -0.8546090126037598,
                    0.0,
                    -0.7274078726768494,
                    0.48869648575782776,
                    0.48171934485435486,
                    0.0,
                    0.4553799033164978,
                    0.8689297437667847,
                    -0.19388076663017273,
                    0.0,
